Main Header
===========
  ID: 84 (0x0054)
    000000 0000  54 00                                              T·
  Database description: 
    000002 0000        00 00 00 00 00 00 - 00 00 00 00 00 00 00 00    ··············
    000010 0010  00 00 00 00 00 00 00 00 - 00 00 00 00 00 00 00 00  ················
    000020 0020  00 00 00 00 00 00 00 00 - 00 00 00                 ···········
  Password: 
    00002b 0020                          -          ab ab ab ab ab             «««««
    000030 0030  ab ab ab ab ab ab ab 00 -                          «««««««·
  First free object: 0 (0x0000)
    000038 0030                          - 00 00                            ··
  Last object in file: 39 (0x0027)
    00003a 0030                          -       27 00                        '·
  First free link: 0 (0x0000)
    00003c 0030                          -             00 00                    ··
  Last link in file: 9 (0x0009)
    00003e 0030                          -                   09 00                ··
  Unknown: (24 bytes)
    000040 0040  09 00 0b 00 0b 00 00 00 - 00 00 00 00 00 00 00 00  ················
    000050 0050  00 00 01 00 00 00 00 00 -                          ········
  Unknown: (4 bytes)
    000058 0050                          - 00 00 00 00                      ····
  Save date: 2025/1993-02-22 (0x6856)
    00005c 0050                          -             56 68                    Vh
  Unknown: (2 bytes)
    00005e 0050                          -                   00 00                ··
  Save time: 11:36:44 (0x5c96)
    000060 0060  96 5c                                              ·\
  Unknown: (262 bytes)
    000062 0060        1c 00 00 00 00 00 - 00 00 01 00 00 00 00 00    ··············
    000070 0070  03 00 06 00 05 00 00 00 - 00 00 00 00 05 00 00 00  ················
    000080 0080  22 00 00 00 00 00 01 00 - 00 00 6c 41 80 71 99 6d  "·········lA·q·m
    000090 0090  03 00 00 00 00 00 00 00 - 03 00 00 00 00 00 00 00  ················
    0000a0 00a0  00 00 00 00 00 00 00 00 - 00 00 00 00 00 00 00 00  ················
    0000b0 00b0  00 00 00 00 00 00 00 00 - 00 00 00 00 00 00 00 00  ················
    0000c0 00c0  00 00 e7 07 1d 00 1e 00 - 1f 00 20 00 21 00 00 00  ··ç······· ·!···
    0000d0 00d0  00 00 00 00 16 00 17 00 - 18 00 19 00 1a 00 1b 00  ················
    0000e0 00e0  00 00 22 00 00 00 00 00 - 00 00 00 00 00 00 00 00  ··"·············
    0000f0 00f0  00 00 00 00 00 00 00 00 - 00 00 00 00 00 00 00 00  ················
    000100 0100  00 00 00 00 00 00 00 00 - 00 00 00 00 00 00 00 00  ················
    000110 0110  00 00 00 00 00 00 00 00 - 00 00 00 00 00 00 00 00  ················
    000120 0120  00 00 00 00 00 00 00 00 - 00 00 00 00 00 00 00 00  ················
    000130 0130  00 00 00 00 00 00 00 00 - 00 00 00 00 00 00 00 00  ················
    000140 0140  00 00 00 00 00 00 00 00 - 00 00 00 00 00 00 00 00  ················
    000150 0150  00 00 00 00 00 00 00 00 - 00 00 00 00 00 00 00 00  ················
    000160 0160  00 00 00 00 00 00 00 00 -                          ········
  Save date/time: 2025-02-22 11:36:00 (45710.483333)
    000168 0160                          - f7 77 77 77 cf 51 e6 40          ÷wwwÏQæ@
  Unknown: (144 bytes)
    000170 0170  00 00 00 00 3a 4b 26 c1 - 14 00 12 00 10 00 14 00  ····:K&Á········
    000180 0180  10 00 01 2c 00 04 08 c8 - 11 c8 0e c8 12 c8 01 00  ···,···È·È·È·È··
    000190 0190  05 00 20 00 00 00 01 00 - 70 6b e6 af 97 9b 85 85  ·· ·····pkæ¯····
    0001a0 01a0  0a 5f 7f 6f 00 00 05 00 - 00 00 00 00 07 00 02 06  ·_·o············
    0001b0 01b0  00 04 ca 07 02 06 00 04 - ca 07 02 5e 1e 04 ca 07  ··Ê·····Ê··^··Ê·
    0001c0 01c0  ed 81 0f 00 30 35 31 33 - 36 31 30 34 31 31 36 32  í···051361041162
    0001d0 01d0  00 00 00 00 00 00 00 00 - 00 00 00 00 00 00 00 00  ················
    0001e0 01e0  00 00 00 00 00 00 00 00 - 27 00 00 00 00 00 00 00  ········'·······
    0001f0 01f0  00 00 00 00 00 00 00 00 - 00 00 00 00 00 00 00 00  ················


Extra Header
============
  Unknown: (512 bytes)
    000200 0000  00 00 00 00 00 00 00 00 - 00 00 00 00 00 00 00 00  ················
    000210 0010  00 00 00 00 00 00 00 00 - 00 00 00 00 00 00 00 00  ················
    000220 0020  00 00 00 00 00 00 00 00 - 00 00 00 00 00 00 00 00  ················
    000230 0030  00 00 00 00 00 00 00 00 - 00 00 00 00 00 00 00 00  ················
    000240 0040  00 00 00 00 00 00 00 00 - 00 00 00 00 00 00 00 00  ················
    000250 0050  00 00 00 00 00 00 00 00 - 00 00 00 00 00 00 00 00  ················
    000260 0060  00 00 00 00 00 00 00 00 - 00 00 00 00 00 00 00 00  ················
    000270 0070  00 00 00 00 00 00 00 00 - 00 00 00 00 00 00 00 00  ················
    000280 0080  00 00 00 00 00 00 00 00 - 00 00 00 00 00 00 00 00  ················
    000290 0090  00 00 00 00 00 00 00 00 - 00 00 00 00 00 00 00 00  ················
    0002a0 00a0  00 00 00 00 00 00 00 00 - 00 00 00 00 00 00 00 00  ················
    0002b0 00b0  00 00 00 00 00 00 00 00 - 00 00 00 00 00 00 00 00  ················
    0002c0 00c0  00 00 00 00 00 00 00 00 - 00 00 00 00 00 00 00 00  ················
    0002d0 00d0  00 00 00 00 00 00 00 00 - 00 00 00 00 00 00 00 00  ················
    0002e0 00e0  00 00 00 00 00 00 00 00 - 00 00 00 00 00 00 00 00  ················
    0002f0 00f0  00 00 00 00 00 00 00 00 - 00 00 00 00 00 00 00 00  ················
    000300 0100  00 00 00 00 00 00 00 00 - 00 00 00 00 00 00 00 00  ················
    000310 0110  00 00 00 00 00 00 00 00 - 00 00 00 00 00 00 00 00  ················
    000320 0120  00 00 00 00 00 00 00 00 - 00 00 00 00 00 00 00 00  ················
    000330 0130  00 00 00 00 00 00 00 00 - 00 00 00 00 00 00 00 00  ················
    000340 0140  00 00 00 00 00 00 00 00 - 00 00 00 00 00 00 00 00  ················
    000350 0150  00 00 00 00 00 00 00 00 - 00 00 00 00 00 00 00 00  ················
    000360 0160  00 00 00 00 00 00 00 00 - 00 00 00 00 00 00 00 00  ················
    000370 0170  00 00 00 00 00 00 00 00 - 00 00 00 00 00 00 00 00  ················
    000380 0180  00 00 00 00 00 00 00 00 - 00 00 00 00 00 00 00 00  ················
    000390 0190  00 00 00 00 00 00 00 00 - 00 00 00 00 00 00 00 00  ················
    0003a0 01a0  00 00 00 00 00 00 00 00 - 00 00 00 00 00 00 00 00  ················
    0003b0 01b0  00 00 00 00 00 00 00 00 - 00 00 00 00 00 00 00 00  ················
    0003c0 01c0  00 00 00 00 00 00 00 00 - 00 00 00 00 00 00 00 00  ················
    0003d0 01d0  00 00 00 00 00 00 00 00 - 00 00 00 00 00 00 00 00  ················
    0003e0 01e0  00 00 00 00 00 00 00 00 - 00 00 00 00 00 00 00 00  ················
    0003f0 01f0  00 00 00 00 00 00 00 00 - 00 00 00 00 00 00 00 00  ················


Object Structs
==============

Object 00000
------------
  ID: 0 (0x0000)
    000400 0000  00 00                                              ··
  Type: Unknown (0 / 0x0000)
    000402 0000        00 00                                          ··
  Unknown: (60 bytes)
    000404 0000              00 00 00 00 - 00 00 00 00 00 00 00 00      ············
    000410 0010  00 00 00 00 00 00 00 00 - 00 00 00 00 00 00 00 00  ················
    000420 0020  00 00 00 00 00 00 00 00 - 00 00 00 00 00 00 00 00  ················
    000430 0030  00 00 00 00 00 00 00 00 - 00 00 00 00 00 00 00 00  ················

Object 00001
------------
  ID: 1 (0x0001)
    000440 0000  01 00                                              ··
  Type: Unknown (3 / 0x0003)
    000442 0000        03 00                                          ··
  Unknown: (60 bytes)
    000444 0000              02 00 00 00 - 00 00 00 00 00 00 00 00      ············
    000450 0010  00 00 00 00 00 00 00 00 - 00 00 00 00 00 00 00 00  ················
    000460 0020  00 00 00 00 00 00 00 00 - 00 00 00 00 00 00 00 00  ················
    000470 0030  00 00 00 00 01 00 00 00 - 00 01 00 00 00 00 00 00  ················

Object 00002
------------
  ID: 2 (0x0002)
    000480 0000  02 00                                              ··
  Type: Unknown (2 / 0x0002)
    000482 0000        02 00                                          ··
  Unknown: (60 bytes)
    000484 0000              00 00 01 00 - 21 54 72 61 73 68 21 00      ····!Trash!·
    000490 0010  00 00 00 00 00 00 00 00 - 00 00 00 00 00 00 00 00  ················
    0004a0 0020  00 00 00 00 00 00 00 00 - 00 00 00 00 00 00 00 00  ················
    0004b0 0030  00 00 00 00 00 00 00 00 - 00 00 00 00 00 00 00 00  ················

Object 00003
------------
  ID: 3 (0x0003)
    0004c0 0000  03 00                                              ··
  Type: Unknown (3 / 0x0003)
    0004c2 0000        03 00                                          ··
  Unknown: (60 bytes)
    0004c4 0000              04 00 00 00 - 00 00 00 00 00 00 00 00      ············
    0004d0 0010  00 00 00 00 00 00 00 00 - 00 00 00 00 00 00 00 00  ················
    0004e0 0020  00 00 00 00 00 00 00 00 - 00 00 00 00 00 00 00 00  ················
    0004f0 0030  00 00 00 00 01 00 00 00 - 00 01 00 00 00 00 00 00  ················

Object 00004
------------
  ID: 4 (0x0004)
    000500 0000  04 00                                              ··
  Type: Unknown (2 / 0x0002)
    000502 0000        02 00                                          ··
  Unknown: (60 bytes)
    000504 0000              00 00 03 00 - 21 43 69 72 63 75 6c 61      ····!Circula
    000510 0010  72 20 52 65 66 65 72 65 - 6e 63 65 21 00 00 00 00  r Reference!····
    000520 0020  00 00 00 00 00 00 00 00 - 00 00 00 00 00 00 00 00  ················
    000530 0030  00 00 00 00 00 00 00 00 - 00 00 00 00 00 00 00 00  ················

Object 00005
------------
  ID: 5 (0x0005)
    000540 0000  05 00                                              ··
  Type: Unknown (3 / 0x0003)
    000542 0000        03 00                                          ··
  Unknown: (60 bytes)
    000544 0000              06 00 00 00 - 00 00 00 00 00 00 00 00      ············
    000550 0010  00 00 00 00 00 00 00 00 - 00 00 00 00 00 00 00 00  ················
    000560 0020  00 00 00 00 00 00 00 00 - 00 00 00 00 00 00 00 00  ················
    000570 0030  00 00 00 00 01 00 00 00 - 00 01 00 00 00 00 00 00  ················

Object 00006
------------
  ID: 6 (0x0006)
    000580 0000  06 00                                              ··
  Type: Unknown (2 / 0x0002)
    000582 0000        02 00                                          ··
  Unknown: (60 bytes)
    000584 0000              00 00 05 00 - 21 43 75 72 72 65 6e 74      ····!Current
    000590 0010  20 41 6c 61 72 6d 73 21 - 00 00 00 00 00 00 00 00   Alarms!········
    0005a0 0020  00 00 00 00 00 00 00 00 - 00 00 00 00 00 00 00 00  ················
    0005b0 0030  00 00 00 00 00 00 00 00 - 00 00 00 00 00 00 00 00  ················

Object 00007
------------
  ID: 7 (0x0007)
    0005c0 0000  07 00                                              ··
  Type: Unknown (3 / 0x0003)
    0005c2 0000        03 00                                          ··
  Unknown: (60 bytes)
    0005c4 0000              08 00 00 00 - 00 00 00 00 00 00 00 00      ············
    0005d0 0010  00 00 00 00 00 00 00 00 - 00 00 00 00 00 00 00 00  ················
    0005e0 0020  00 00 00 00 00 00 00 00 - 00 00 00 00 00 00 00 00  ················
    0005f0 0030  00 00 00 00 01 00 00 00 - 00 01 00 00 00 00 00 00  ················

Object 00008
------------
  ID: 8 (0x0008)
    000600 0000  08 00                                              ··
  Type: Unknown (2 / 0x0002)
    000602 0000        02 00                                          ··
  Unknown: (60 bytes)
    000604 0000              00 00 07 00 - 21 50 61 73 74 20 41 6c      ····!Past Al
    000610 0010  61 72 6d 73 21 00 00 00 - 00 00 00 00 00 00 00 00  arms!···········
    000620 0020  00 00 00 00 00 00 00 00 - 00 00 00 00 00 00 00 00  ················
    000630 0030  00 00 00 00 00 00 00 00 - 00 00 00 00 00 00 00 00  ················

Object 00009
------------
  ID: 9 (0x0009)
    000640 0000  09 00                                              ··
  Type: Unknown (3 / 0x0003)
    000642 0000        03 00                                          ··
  Unknown: (60 bytes)
    000644 0000              0a 00 00 00 - 00 00 00 00 00 00 00 00      ············
    000650 0010  00 00 00 00 00 00 00 00 - 00 00 00 00 00 00 00 00  ················
    000660 0020  00 00 14 00 0c 00 00 00 - 00 00 00 00 02 00 00 00  ················
    000670 0030  00 00 08 00 01 00 00 00 - 00 01 04 00 00 00 00 00  ················

Object 00010
------------
  ID: 10 (0x000a)
    000680 0000  0a 00                                              ··
  Type: Unknown (2 / 0x0002)
    000682 0000        02 00                                          ··
  Unknown: (60 bytes)
    000684 0000              00 00 09 00 - 4d 41 49 4e 00 00 00 00      ····MAIN····
    000690 0010  00 00 00 00 00 00 00 00 - 00 00 00 00 00 00 00 00  ················
    0006a0 0020  00 00 00 00 00 00 00 00 - 00 00 00 00 00 00 00 00  ················
    0006b0 0030  00 00 00 00 00 00 00 00 - 00 00 00 00 00 00 00 00  ················

Object 00011
------------
  ID: 11 (0x000b)
    0006c0 0000  0b 00                                              ··
  Type: Unknown (4 / 0x0004)
    0006c2 0000        04 00                                          ··
  Unknown: (60 bytes)
    0006c4 0000              00 00 0f 00 - 0f 00 00 00 00 00 0f 00      ············
    0006d0 0010  00 00 00 00 00 00 00 00 - 00 00 27 00 00 00 00 00  ··········'·····
    0006e0 0020  00 00 00 00 00 00 01 00 - 00 04 10 00 49 6e 69 74  ············Init
    0006f0 0030  69 61 6c 20 56 69 65 77 - 00 00 00 00 00 00 00 00  ial View········

Object 00012
------------
  ID: 12 (0x000c)
    000700 0000  0c 00                                              ··
  Type: Unknown (3 / 0x0003)
    000702 0000        03 00                                          ··
  Unknown: (60 bytes)
    000704 0000              0d 00 00 00 - 09 00 09 00 0f 00 0f 00      ············
    000710 0010  00 00 00 00 00 00 00 00 - 00 00 00 00 10 00 00 00  ················
    000720 0020  09 00 00 00 00 00 00 00 - 00 00 00 00 03 00 00 00  ················
    000730 0030  00 00 09 00 01 00 0e 00 - 00 01 00 00 00 00 00 00  ················

Object 00013
------------
  ID: 13 (0x000d)
    000740 0000  0d 00                                              ··
  Type: Unknown (2 / 0x0002)
    000742 0000        02 00                                          ··
  Unknown: (60 bytes)
    000744 0000              00 00 0c 00 - 49 6e 69 74 69 61 6c 20      ····Initial 
    000750 0010  53 65 63 74 69 6f 6e 00 - 00 00 00 00 00 00 00 00  Section·········
    000760 0020  00 00 00 00 00 00 00 00 - 00 00 00 00 00 00 00 00  ················
    000770 0030  00 00 00 00 00 00 00 00 - 00 00 00 00 00 00 00 00  ················

Object 00014
------------
  ID: 14 (0x000e)
    000780 0000  0e 00                                              ··
  Type: Unknown (9 / 0x0009)
    000782 0000        09 00                                          ··
  Unknown: (60 bytes)
    000784 0000              09 00 00 00 - 00 00 00 00 00 00 00 00      ············
    000790 0010  00 00 00 00 00 00 00 00 - 00 00 00 00 00 00 00 00  ················
    0007a0 0020  00 00 00 00 00 00 00 00 - 00 00 00 00 00 00 00 00  ················
    0007b0 0030  00 00 00 00 00 00 00 00 - 00 00 00 00 00 00 00 00  ················

Object 00015
------------
  ID: 15 (0x000f)
    0007c0 0000  0f 00                                              ··
  Type: Unknown (6 / 0x0006)
    0007c2 0000        06 00                                          ··
  Unknown: (60 bytes)
    0007c4 0000              0c 00 00 00 - 00 00 00 00 00 00 0b 00      ············
    0007d0 0010  00 00 00 00 00 00 00 00 - 13 00 4e 00 01 00 00 00  ··········N·····
    0007e0 0020  00 00 00 00 23 00 02 00 - 00 00 00 00 00 00 00 00  ····#···········
    0007f0 0030  00 00 00 00 00 00 00 00 - 00 00 00 00 00 00 00 00  ················

Object 00016
------------
  ID: 16 (0x0010)
    000800 0000  10 00                                              ··
  Type: Unknown (3 / 0x0003)
    000802 0000        03 00                                          ··
  Unknown: (60 bytes)
    000804 0000              11 00 00 00 - 00 00 00 00 00 00 00 00      ············
    000810 0010  00 00 00 00 00 00 00 00 - 00 00 00 00 12 00 0c 00  ················
    000820 0020  09 00 00 00 00 00 00 00 - 00 00 00 00 04 00 80 80  ················
    000830 0030  00 00 00 00 0d 00 0e 00 - 00 00 12 00 00 00 00 00  ················

Object 00017
------------
  ID: 17 (0x0011)
    000840 0000  11 00                                              ··
  Type: Unknown (2 / 0x0002)
    000842 0000        02 00                                          ··
  Unknown: (60 bytes)
    000844 0000              00 00 10 00 - 44 6f 6e 65 00 00 00 00      ····Done····
    000850 0010  00 00 00 00 00 00 00 00 - 00 00 00 00 00 00 00 00  ················
    000860 0020  00 00 00 00 00 00 00 00 - 00 00 00 00 00 00 00 00  ················
    000870 0030  00 00 00 00 00 00 00 00 - 00 00 00 00 00 00 00 00  ················

Object 00018
------------
  ID: 18 (0x0012)
    000880 0000  12 00                                              ··
  Type: Unknown (3 / 0x0003)
    000882 0000        03 00                                          ··
  Unknown: (60 bytes)
    000884 0000              13 00 00 00 - 00 00 00 00 00 00 00 00      ············
    000890 0010  00 00 00 00 00 00 00 00 - 00 00 00 00 14 00 10 00  ················
    0008a0 0020  09 00 00 00 00 00 00 00 - 00 00 00 00 05 00 00 cf  ···············Ï
    0008b0 0030  00 00 00 00 0d 00 0e 00 - 10 00 14 00 00 00 00 00  ················

Object 00019
------------
  ID: 19 (0x0013)
    0008c0 0000  13 00                                              ··
  Type: Unknown (2 / 0x0002)
    0008c2 0000        02 00                                          ··
  Unknown: (60 bytes)
    0008c4 0000              00 00 12 00 - 57 68 65 6e 00 00 00 00      ····When····
    0008d0 0010  00 00 00 00 00 00 00 00 - 00 00 00 00 00 00 00 00  ················
    0008e0 0020  00 00 00 00 00 00 00 00 - 00 00 00 00 00 00 00 00  ················
    0008f0 0030  00 00 00 00 00 00 00 00 - 00 00 00 00 00 00 00 00  ················

Object 00020
------------
  ID: 20 (0x0014)
    000900 0000  14 00                                              ··
  Type: Unknown (3 / 0x0003)
    000902 0000        03 00                                          ··
  Unknown: (60 bytes)
    000904 0000              15 00 00 00 - 08 00 08 00 00 00 00 00      ············
    000910 0010  00 00 00 00 00 00 00 00 - 00 00 00 00 00 00 12 00  ················
    000920 0020  09 00 00 00 00 00 00 00 - 00 00 00 00 06 00 00 82  ················
    000930 0030  00 00 08 00 0d 00 0e 00 - 12 00 00 00 00 00 00 00  ················

Object 00021
------------
  ID: 21 (0x0015)
    000940 0000  15 00                                              ··
  Type: Unknown (2 / 0x0002)
    000942 0000        02 00                                          ··
  Unknown: (60 bytes)
    000944 0000              00 00 14 00 - 45 6e 74 72 79 00 00 00      ····Entry···
    000950 0010  00 00 00 00 00 00 00 00 - 00 00 00 00 00 00 00 00  ················
    000960 0020  00 00 00 00 00 00 00 00 - 00 00 00 00 00 00 00 00  ················
    000970 0030  00 00 00 00 00 00 00 00 - 00 00 00 00 00 00 00 00  ················

Object 00022
------------
  ID: 22 (0x0016)
    000980 0000  16 00                                              ··
  Type: Unknown (8 / 0x0008)
    000982 0000        08 00                                          ··
  Unknown: (60 bytes)
    000984 0000              00 00 0a 00 - 01 02 03 20 01 02 0a 0d      ······· ····
    000990 0010  0d 00 00 00 00 00 00 00 - 00 00 00 00 00 00 00 00  ················
    0009a0 0020  00 00 00 00 00 00 00 00 - 00 00 00 00 00 00 00 00  ················
    0009b0 0030  00 00 00 00 00 00 00 00 - 00 00 00 00 00 00 00 00  ················

Object 00023
------------
  ID: 23 (0x0017)
    0009c0 0000  17 00                                              ··
  Type: Unknown (8 / 0x0008)
    0009c2 0000        08 00                                          ··
  Unknown: (60 bytes)
    0009c4 0000              00 00 03 00 - 0d 0d 00 00 00 00 00 00      ············
    0009d0 0010  00 00 00 00 00 00 00 00 - 00 00 00 00 00 00 00 00  ················
    0009e0 0020  00 00 00 00 00 00 00 00 - 00 00 00 00 00 00 00 00  ················
    0009f0 0030  00 00 00 00 00 00 00 00 - 00 00 00 00 00 00 00 00  ················

Object 00024
------------
  ID: 24 (0x0018)
    000a00 0000  18 00                                              ··
  Type: Unknown (8 / 0x0008)
    000a02 0000        08 00                                          ··
  Unknown: (60 bytes)
    000a04 0000              00 00 06 00 - 01 02 0b 0d 0d 00 00 00      ············
    000a10 0010  00 00 00 00 00 00 00 00 - 00 00 00 00 00 00 00 00  ················
    000a20 0020  00 00 00 00 00 00 00 00 - 00 00 00 00 00 00 00 00  ················
    000a30 0030  00 00 00 00 00 00 00 00 - 00 00 00 00 00 00 00 00  ················

Object 00025
------------
  ID: 25 (0x0019)
    000a40 0000  19 00                                              ··
  Type: Unknown (8 / 0x0008)
    000a42 0000        08 00                                          ··
  Unknown: (60 bytes)
    000a44 0000              00 00 03 00 - 0d 0d 00 00 00 00 00 00      ············
    000a50 0010  00 00 00 00 00 00 00 00 - 00 00 00 00 00 00 00 00  ················
    000a60 0020  00 00 00 00 00 00 00 00 - 00 00 00 00 00 00 00 00  ················
    000a70 0030  00 00 00 00 00 00 00 00 - 00 00 00 00 00 00 00 00  ················

Object 00026
------------
  ID: 26 (0x001a)
    000a80 0000  1a 00                                              ··
  Type: Unknown (8 / 0x0008)
    000a82 0000        08 00                                          ··
  Unknown: (60 bytes)
    000a84 0000              00 00 0a 00 - 2d 20 01 02 07 20 2d 0d      ····- ··· -·
    000a90 0010  0d 00 00 00 00 00 00 00 - 00 00 00 00 00 00 00 00  ················
    000aa0 0020  00 00 00 00 00 00 00 00 - 00 00 00 00 00 00 00 00  ················
    000ab0 0030  00 00 00 00 00 00 00 00 - 00 00 00 00 00 00 00 00  ················

Object 00027
------------
  ID: 27 (0x001b)
    000ac0 0000  1b 00                                              ··
  Type: Unknown (8 / 0x0008)
    000ac2 0000        08 00                                          ··
  Unknown: (60 bytes)
    000ac4 0000              00 00 03 00 - 0d 0d 00 00 00 00 00 00      ············
    000ad0 0010  00 00 00 00 00 00 00 00 - 00 00 00 00 00 00 00 00  ················
    000ae0 0020  00 00 00 00 00 00 00 00 - 00 00 00 00 00 00 00 00  ················
    000af0 0030  00 00 00 00 00 00 00 00 - 00 00 00 00 00 00 00 00  ················

Object 00028
------------
  ID: 28 (0x001c)
    000b00 0000  1c 00                                              ··
  Type: Unknown (2 / 0x0002)
    000b02 0000        02 00                                          ··
  Unknown: (60 bytes)
    000b04 0000              00 00 00 00 - 43 3a 5c 46 49 4c 45 21      ····C:\FILE!
    000b10 0010  2e 53 54 46 00 00 00 00 - 00 00 00 00 00 00 00 00  .STF············
    000b20 0020  00 00 00 00 00 00 00 00 - 00 00 00 00 00 00 00 00  ················
    000b30 0030  00 00 00 00 00 00 00 00 - 00 00 00 00 00 00 00 00  ················

Object 00029
------------
  ID: 29 (0x001d)
    000b40 0000  1d 00                                              ··
  Type: Item (1 / 0x0001)
    000b42 0000        01 00                                          ··
  Unknown: (14 bytes)
    000b44 0000              00 00 00 00 - 00 00 00 00 00 00 00 00      ············
    000b50 0010  00 00                                              ··
  First link: 0 (0x0000)
    000b52 0010        00 00                                          ··
  Last link: 0 (0x0000)
    000b54 0010              00 00                                      ··
  Unknown: (42 bytes)
    000b56 0010                    00 00 - 00 00 00 00 00 00 00 00        ··········
    000b60 0020  00 00 00 00 00 00 00 00 - 00 00 00 00 00 00 00 00  ················
    000b70 0030  40 00 20 20 43 4f 55 4e - 54 00 00 00 00 00 00 00  @·  COUNT·······

Object 00030
------------
  ID: 30 (0x001e)
    000b80 0000  1e 00                                              ··
  Type: Item (1 / 0x0001)
    000b82 0000        01 00                                          ··
  Unknown: (14 bytes)
    000b84 0000              00 00 00 00 - 00 00 00 00 00 00 00 00      ············
    000b90 0010  00 00                                              ··
  First link: 0 (0x0000)
    000b92 0010        00 00                                          ··
  Last link: 0 (0x0000)
    000b94 0010              00 00                                      ··
  Unknown: (42 bytes)
    000b96 0010                    00 00 - 00 00 00 00 00 00 00 00        ··········
    000ba0 0020  00 00 00 00 00 00 00 00 - 00 00 00 00 00 00 00 00  ················
    000bb0 0030  40 00 20 20 54 4f 54 41 - 4c 00 00 00 00 00 00 00  @·  TOTAL·······

Object 00031
------------
  ID: 31 (0x001f)
    000bc0 0000  1f 00                                              ··
  Type: Item (1 / 0x0001)
    000bc2 0000        01 00                                          ··
  Unknown: (14 bytes)
    000bc4 0000              00 00 00 00 - 00 00 00 00 00 00 00 00      ············
    000bd0 0010  00 00                                              ··
  First link: 0 (0x0000)
    000bd2 0010        00 00                                          ··
  Last link: 0 (0x0000)
    000bd4 0010              00 00                                      ··
  Unknown: (42 bytes)
    000bd6 0010                    00 00 - 00 00 00 00 00 00 00 00        ··········
    000be0 0020  00 00 00 00 00 00 00 00 - 00 00 00 00 00 00 00 00  ················
    000bf0 0030  40 00 20 20 41 56 45 52 - 41 47 45 00 00 00 00 00  @·  AVERAGE·····

Object 00032
------------
  ID: 32 (0x0020)
    000c00 0000  20 00                                               ·
  Type: Item (1 / 0x0001)
    000c02 0000        01 00                                          ··
  Unknown: (14 bytes)
    000c04 0000              00 00 00 00 - 00 00 00 00 00 00 00 00      ············
    000c10 0010  00 00                                              ··
  First link: 0 (0x0000)
    000c12 0010        00 00                                          ··
  Last link: 0 (0x0000)
    000c14 0010              00 00                                      ··
  Unknown: (42 bytes)
    000c16 0010                    00 00 - 00 00 00 00 00 00 00 00        ··········
    000c20 0020  00 00 00 00 00 00 00 00 - 00 00 00 00 00 00 00 00  ················
    000c30 0030  40 00 20 20 4d 49 4e 49 - 4d 55 4d 00 00 00 00 00  @·  MINIMUM·····

Object 00033
------------
  ID: 33 (0x0021)
    000c40 0000  21 00                                              !·
  Type: Item (1 / 0x0001)
    000c42 0000        01 00                                          ··
  Unknown: (14 bytes)
    000c44 0000              00 00 00 00 - 00 00 00 00 00 00 00 00      ············
    000c50 0010  00 00                                              ··
  First link: 0 (0x0000)
    000c52 0010        00 00                                          ··
  Last link: 0 (0x0000)
    000c54 0010              00 00                                      ··
  Unknown: (42 bytes)
    000c56 0010                    00 00 - 00 00 00 00 00 00 00 00        ··········
    000c60 0020  00 00 00 00 00 00 00 00 - 00 00 00 00 00 00 00 00  ················
    000c70 0030  40 00 20 20 4d 41 58 49 - 4d 55 4d 00 00 00 00 00  @·  MAXIMUM·····

Object 00034
------------
  ID: 34 (0x0022)
    000c80 0000  22 00                                              "·
  Type: Unknown (8 / 0x0008)
    000c82 0000        08 00                                          ··
  Unknown: (60 bytes)
    000c84 0000              23 00 38 00 - e9 06 0a 00 00 00 00 00      #·8·é·······
    000c90 0010  00 00 00 00 00 00 00 00 - 00 00 00 00 00 00 00 00  ················
    000ca0 0020  ff bf ff bf 81 80 81 80 - ff bf ff bf ff bf ff bf  ÿ¿ÿ¿····ÿ¿ÿ¿ÿ¿ÿ¿
    000cb0 0030  ff bf ff bf 00 00 00 00 - 00 00 00 00 00 00 00 00  ÿ¿ÿ¿············

Object 00035
------------
  ID: 35 (0x0023)
    000cc0 0000  23 00                                              #·
  Type: Unknown (8 / 0x0008)
    000cc2 0000        08 00                                          ··
  Unknown: (60 bytes)
    000cc4 0000              24 00 38 00 - 01 00 00 00 00 00 00 00      $·8·········
    000cd0 0010  00 00 01 00 00 00 00 00 - 00 00 00 00 00 00 00 00  ················
    000ce0 0020  01 00 01 00 00 00 00 00 - 00 00 00 00 00 00 c8 00  ··············È·
    000cf0 0030  96 00 96 00 64 00 96 00 - 64 00 00 00 00 00 00 00  ····d···d·······

Object 00036
------------
  ID: 36 (0x0024)
    000d00 0000  24 00                                              $·
  Type: Unknown (8 / 0x0008)
    000d02 0000        08 00                                          ··
  Unknown: (60 bytes)
    000d04 0000              25 00 38 00 - 05 00 05 00 00 00 00 00      %·8·········
    000d10 0010  e8 03 e8 03 e8 03 e8 03 - 00 00 f4 01 00 00 f4 01  è·è·è·è···ô···ô·
    000d20 0020  00 00 f8 2a 34 21 00 00 - 64 00 00 00 00 00 01 00  ··ø*4!··d·······
    000d30 0030  e7 03 01 00 01 00 00 00 - 01 00 00 00 01 00 01 00  ç···············

Object 00037
------------
  ID: 37 (0x0025)
    000d40 0000  25 00                                              %·
  Type: Unknown (8 / 0x0008)
    000d42 0000        08 00                                          ··
  Unknown: (60 bytes)
    000d44 0000              26 00 38 00 - e8 03 e8 03 e8 03 e8 03      &·8·è·è·è·è·
    000d50 0010  00 00 f4 01 00 00 f4 01 - 00 00 f8 2a 34 21 00 00  ··ô···ô···ø*4!··
    000d60 0020  64 00 00 00 00 00 01 00 - e7 03 01 00 01 00 00 00  d·······ç·······
    000d70 0030  01 00 00 00 01 00 01 00 - e8 03 e8 03 e8 03 e8 03  ········è·è·è·è·

Object 00038
------------
  ID: 38 (0x0026)
    000d80 0000  26 00                                              &·
  Type: Unknown (8 / 0x0008)
    000d82 0000        08 00                                          ··
  Unknown: (60 bytes)
    000d84 0000              00 00 28 00 - 00 00 f4 01 00 00 f4 01      ··(···ô···ô·
    000d90 0010  00 00 f8 2a 34 21 00 00 - 64 00 00 00 00 00 01 00  ··ø*4!··d·······
    000da0 0020  e7 03 01 00 01 00 00 00 - 01 00 00 00 01 00 01 00  ç···············
    000db0 0030  00 00 00 00 00 00 00 00 - 00 00 00 00 00 00 00 00  ················

Object 00039
------------
  ID: 39 (0x0027)
    000dc0 0000  27 00                                              '·
  Type: Item (1 / 0x0001)
    000dc2 0000        01 00                                          ··
  Unknown: (14 bytes)
    000dc4 0000              00 00 00 00 - 00 00 00 00 00 00 00 00      ············
    000dd0 0010  00 00                                              ··
  First link: 8 (0x0008)
    000dd2 0010        08 00                                          ··
  Last link: 9 (0x0009)
    000dd4 0010              09 00                                      ··
  Unknown: (42 bytes)
    000dd6 0010                    00 00 - 00 00 00 00 00 00 00 00        ··········
    000de0 0020  00 00 00 00 00 00 00 00 - 00 00 00 00 00 00 00 00  ················
    000df0 0030  00 00 4e 65 77 20 49 74 - 65 6d 00 00 00 00 00 00  ··New Item······

Link Structs
============

Link 00000
----------
  ID: 0 (0x0000)
    000e00 0000  00 00                                              ··
  Type: Unknown (0 / 0x0000)
    000e02 0000        00 00                                          ··
  Unknown: (24 bytes)
    000e04 0000              00 00 00 00 - 00 00 00 00 00 00 00 00      ············
    000e10 0010  00 00 00 00 00 00 00 00 - 00 00 00 00              ············

Link 00001
----------
  ID: 1 (0x0001)
    000e1c 0000  01 00                                              ··
  Type: Unknown (9 / 0x0009)
    000e1e 0000        09 00                                          ··
  Unknown: (24 bytes)
    000e20 0000              00 00 00 00 - 00 00 03 00 00 00 00 00      ············
    000e2c 0010  00 00 00 00 00 00 00 00 - 00 00 00 00              ············

Link 00002
----------
  ID: 2 (0x0002)
    000e38 0000  02 00                                              ··
  Type: Unknown (9 / 0x0009)
    000e3a 0000        09 00                                          ··
  Unknown: (24 bytes)
    000e3c 0000              09 00 00 00 - 00 00 00 00 05 00 03 00      ············
    000e48 0010  00 00 00 00 00 00 00 01 - 00 00 00 00              ············

Link 00003
----------
  ID: 3 (0x0003)
    000e54 0000  03 00                                              ··
  Type: Unknown (9 / 0x0009)
    000e56 0000        09 00                                          ··
  Unknown: (24 bytes)
    000e58 0000              0c 00 00 00 - 00 00 04 00 02 00 01 00      ············
    000e64 0010  00 00 00 00 00 00 00 02 - 00 00 00 00              ············

Link 00004
----------
  ID: 4 (0x0004)
    000e70 0000  04 00                                              ··
  Type: Unknown (9 / 0x0009)
    000e72 0000        09 00                                          ··
  Unknown: (24 bytes)
    000e74 0000              10 00 00 00 - 00 00 00 00 06 00 03 00      ············
    000e80 0010  00 00 00 00 00 00 00 01 - 00 00 00 00              ············

Link 00005
----------
  ID: 5 (0x0005)
    000e8c 0000  05 00                                              ··
  Type: Unknown (9 / 0x0009)
    000e8e 0000        09 00                                          ··
  Unknown: (24 bytes)
    000e90 0000              12 00 00 00 - 00 00 00 00 00 00 02 00      ············
    000e9c 0010  00 00 00 00 00 00 00 00 - 00 00 00 00              ············

Link 00006
----------
  ID: 6 (0x0006)
    000ea8 0000  06 00                                              ··
  Type: Unknown (9 / 0x0009)
    000eaa 0000        09 00                                          ··
  Unknown: (24 bytes)
    000eac 0000              14 00 00 00 - 00 00 00 00 00 00 04 00      ············
    000eb8 0010  00 00 00 00 00 00 00 00 - 00 00 00 00              ············

Link 00007
----------
  ID: 7 (0x0007)
    000ec4 0000  07 00                                              ··
  Type: Unknown (12 / 0x000c)
    000ec6 0000        0c 00                                          ··
  Unknown: (24 bytes)
    000ec8 0000              00 00 00 00 - 00 00 f7 77 77 77 cf 51      ······÷wwwÏQ
    000ed4 0010  e6 40 f7 77 77 77 cf 51 - e6 40 e4 40              æ@÷wwwÏQæ@ä@

Link 00008
----------
  ID: 8 (0x0008)
    000ee0 0000  08 00                                              ··
  Type: Link (1 / 0x0001)
    000ee2 0000        01 00                                          ··
  Target: 20 (0x0014)
    000ee4 0000              14 00                                      ··
  Prev link: 0 (0x0000)
    000ee6 0000                    00 00 -                                ··
  Next link: 9 (0x0009)
    000ee8 0000                          - 09 00                            ··
  Origin: 39 (0x0027)
    000eea 0000                          -       27 00                        '·
  Unknown: (16 bytes)
    000eec 0000                          -             00 00 00 00              ····
    000ef0 0010  40 01 07 00 00 00 00 00 - 00 00 00 00              @···········

Link 00009
----------
  ID: 9 (0x0009)
    000efc 0000  09 00                                              ··
  Type: Link (1 / 0x0001)
    000efe 0000        01 00                                          ··
  Target: 12 (0x000c)
    000f00 0000              0c 00                                      ··
  Prev link: 8 (0x0008)
    000f02 0000                    08 00 -                                ··
  Next link: 0 (0x0000)
    000f04 0000                          - 00 00                            ··
  Origin: 39 (0x0027)
    000f06 0000                          -       27 00                        '·
  Unknown: (16 bytes)
    000f08 0000                          -             00 00 00 00              ····
    000f0c 0010  00 00 00 00 00 00 00 00 - 00 00 00 00              ············

Link 00000
----------
  ID: 0 (0x0000)
    000f18 0000  00 00                                              ··
  Type: Unknown (0 / 0x0000)
    000f1a 0000        00 00                                          ··
  Unknown: (24 bytes)
    000f1c 0000              00 00 00 00 - 00 00 00 00 00 00 00 00      ············
    000f28 0010  00 00 00 00 00 00 00 00 - 00 00 00 00              ············

Link 00000
----------
  ID: 0 (0x0000)
    000f34 0000  00 00                                              ··
  Type: Unknown (0 / 0x0000)
    000f36 0000        00 00                                          ··
  Unknown: (24 bytes)
    000f38 0000              00 00 00 00 - 00 00 00 00 00 00 00 00      ············
    000f44 0010  00 00 00 00 00 00 00 00 - 00 00 00 00              ············

Link 00000
----------
  ID: 0 (0x0000)
    000f50 0000  00 00                                              ··
  Type: Unknown (0 / 0x0000)
    000f52 0000        00 00                                          ··
  Unknown: (24 bytes)
    000f54 0000              00 00 00 00 - 00 00 00 00 00 00 00 00      ············
    000f60 0010  00 00 00 00 00 00 00 00 - 00 00 00 00              ············

Link 00000
----------
  ID: 0 (0x0000)
    000f6c 0000  00 00                                              ··
  Type: Unknown (0 / 0x0000)
    000f6e 0000        00 00                                          ··
  Unknown: (24 bytes)
    000f70 0000              00 00 00 00 - 00 00 00 00 00 00 00 00      ············
    000f7c 0010  00 00 00 00 00 00 00 00 - 00 00 00 00              ············

Link 00000
----------
  ID: 0 (0x0000)
    000f88 0000  00 00                                              ··
  Type: Unknown (0 / 0x0000)
    000f8a 0000        00 00                                          ··
  Unknown: (24 bytes)
    000f8c 0000              00 00 00 00 - 00 00 00 00 00 00 00 00      ············
    000f98 0010  00 00 00 00 00 00 00 00 - 00 00 00 00              ············

Link 00000
----------
  ID: 0 (0x0000)
    000fa4 0000  00 00                                              ··
  Type: Unknown (0 / 0x0000)
    000fa6 0000        00 00                                          ··
  Unknown: (24 bytes)
    000fa8 0000              00 00 00 00 - 00 00 00 00 00 00 00 00      ············
    000fb4 0010  00 00 00 00 00 00 00 00 - 00 00 00 00              ············

Link 00000
----------
  ID: 0 (0x0000)
    000fc0 0000  00 00                                              ··
  Type: Unknown (0 / 0x0000)
    000fc2 0000        00 00                                          ··
  Unknown: (24 bytes)
    000fc4 0000              00 00 00 00 - 00 00 00 00 00 00 00 00      ············
    000fd0 0010  00 00 00 00 00 00 00 00 - 00 00 00 00              ············

Link 00000
----------
  ID: 0 (0x0000)
    000fdc 0000  00 00                                              ··
  Type: Unknown (0 / 0x0000)
    000fde 0000        00 00                                          ··
  Unknown: (24 bytes)
    000fe0 0000              00 00 00 00 - 00 00 00 00 00 00 00 00      ············
    000fec 0010  00 00 00 00 00 00 00 00 - 00 00 00 00              ············

Padding
-------
    000ff8 0000  ff ff 4c 49 4e 4b 53 ff -                          ÿÿLINKSÿ

Extra Data
==========

  (10 bytes)
    001000 0000  04 00 00 00 0f 00 27 00 - 00 00                    ······'···
