Main Header
===========
  ID: 84 (0x54)
    000000 0000  54 00                                              T·
  Database description: 
    000000 0000        00 00 00 00 00 00 - 00 00 00 00 00 00 00 00    ··············
    000010 000e  00 00 00 00 00 00 00 00 - 00 00 00 00 00 00 00 00  ················
    000020 001e  00 00 00 00 00 00 00 00 - 00 00 00                 ···········
  Password: 
    000020 0000                          -          ab ab ab ab ab             «««««
    000030 0005  ab ab ab ab ab ab ab 00 -                          «««««««·
  First free object: 0 (0x00)
    000030 0000                          - 00 00                            ··
  Last object in file: 38 (0x26)
    000030 0000                          -       26 00                        &·
  First free link: 8 (0x08)
    000030 0000                          -             08 00                    ··
  Last link in file: 8 (0x08)
    000030 0000                          -                   08 00                ··
  Unknown: (20 bytes)
    000040 0000  09 00 0b 00 0b 00 00 00 - 00 00 00 00 00 00 00 00  ················
    000050 0010  00 00 01 00                                        ····
  Unknown: (4 bytes)
    000050 0000              00 00 00 00 -                              ····
  Unknown: (424 bytes)
    000050 0000                          - 00 00 07 00 93 59 00 00          ·····Y··
    000060 0008  cd 7b 1c 00 00 00 00 00 - 00 00 01 00 00 00 00 00  Í{··············
    000070 0018  03 00 05 00 05 00 02 00 - 00 00 00 00 05 00 00 00  ················
    000080 0028  22 00 00 00 00 00 01 00 - 00 00 6c 41 80 71 99 6d  "·········lA·q·m
    000090 0038  03 00 00 00 00 00 00 00 - 03 00 00 00 00 00 00 00  ················
    0000a0 0048  00 00 00 00 00 00 00 00 - 00 00 00 00 00 00 00 00  ················
    0000b0 0058  00 00 00 00 00 00 00 00 - 00 00 00 00 00 00 00 00  ················
    0000c0 0068  00 00 e7 07 1d 00 1e 00 - 1f 00 20 00 21 00 00 00  ··ç······· ·!···
    0000d0 0078  00 00 00 00 16 00 17 00 - 18 00 19 00 1a 00 1b 00  ················
    0000e0 0088  00 00 22 00 00 00 00 00 - 00 00 00 00 00 00 00 00  ··"·············
    0000f0 0098  00 00 00 00 00 00 00 00 - 00 00 00 00 00 00 00 00  ················
    000100 00a8  00 00 00 00 00 00 00 00 - 00 00 00 00 00 00 00 00  ················
    000110 00b8  00 00 00 00 00 00 00 00 - 00 00 00 00 00 00 00 00  ················
    000120 00c8  00 00 00 00 00 00 00 00 - 00 00 00 00 00 00 00 00  ················
    000130 00d8  00 00 00 00 00 00 00 00 - 00 00 00 00 00 00 00 00  ················
    000140 00e8  00 00 00 00 00 00 00 00 - 00 00 00 00 00 00 00 00  ················
    000150 00f8  00 00 00 00 00 00 00 00 - 00 00 00 00 00 00 00 00  ················
    000160 0108  00 00 00 00 00 00 00 00 - ab aa aa aa f4 1b e6 40  ········«ªªªô·æ@
    000170 0118  00 00 00 00 3a 4b 26 c1 - 14 00 12 00 10 00 14 00  ····:K&Á········
    000180 0128  10 00 01 2c 00 04 08 c8 - 11 c8 0e c8 12 c8 01 00  ···,···È·È·È·È··
    000190 0138  05 00 20 00 00 00 01 00 - 70 6b e6 af 97 9b 85 85  ·· ·····pkæ¯····
    0001a0 0148  0a 5f 7f 6f 00 00 05 00 - 00 00 00 00 07 00 02 06  ·_·o············
    0001b0 0158  00 04 ca 07 02 06 00 04 - ca 07 02 5e 1e 04 ca 07  ··Ê·····Ê··^··Ê·
    0001c0 0168  ed 81 0f 00 30 35 31 33 - 36 31 30 34 31 31 36 32  í···051361041162
    0001d0 0178  00 00 00 00 00 00 00 00 - 00 00 00 00 00 00 00 00  ················
    0001e0 0188  00 00 00 00 00 00 00 00 - 0f 00 00 00 00 00 74 2f  ··············t/
    0001f0 0198  00 00 00 00 00 00 00 00 - 00 00 00 00 00 00 00 00  ················


Extra Header
============
  Unknown: (512 bytes)
    000200 0000  00 00 00 00 00 00 00 00 - 00 00 00 00 00 00 00 00  ················
    000210 0010  00 00 00 00 00 00 00 00 - 00 00 00 00 00 00 00 00  ················
    000220 0020  00 00 00 00 00 00 00 00 - 00 00 00 00 00 00 00 00  ················
    000230 0030  00 00 00 00 00 00 00 00 - 00 00 00 00 00 00 00 00  ················
    000240 0040  00 00 00 00 00 00 00 00 - 00 00 00 00 00 00 00 00  ················
    000250 0050  00 00 00 00 00 00 00 00 - 00 00 00 00 00 00 00 00  ················
    000260 0060  00 00 00 00 00 00 00 00 - 00 00 00 00 00 00 00 00  ················
    000270 0070  00 00 00 00 00 00 00 00 - 00 00 00 00 00 00 00 00  ················
    000280 0080  00 00 00 00 00 00 00 00 - 00 00 00 00 00 00 00 00  ················
    000290 0090  00 00 00 00 00 00 00 00 - 00 00 00 00 00 00 00 00  ················
    0002a0 00a0  00 00 00 00 00 00 00 00 - 00 00 00 00 00 00 00 00  ················
    0002b0 00b0  00 00 00 00 00 00 00 00 - 00 00 00 00 00 00 00 00  ················
    0002c0 00c0  00 00 00 00 00 00 00 00 - 00 00 00 00 00 00 00 00  ················
    0002d0 00d0  00 00 00 00 00 00 00 00 - 00 00 00 00 00 00 00 00  ················
    0002e0 00e0  00 00 00 00 00 00 00 00 - 00 00 00 00 00 00 00 00  ················
    0002f0 00f0  00 00 00 00 00 00 00 00 - 00 00 00 00 00 00 00 00  ················
    000300 0100  00 00 00 00 00 00 00 00 - 00 00 00 00 00 00 00 00  ················
    000310 0110  00 00 00 00 00 00 00 00 - 00 00 00 00 00 00 00 00  ················
    000320 0120  00 00 00 00 00 00 00 00 - 00 00 00 00 00 00 00 00  ················
    000330 0130  00 00 00 00 00 00 00 00 - 00 00 00 00 00 00 00 00  ················
    000340 0140  00 00 00 00 00 00 00 00 - 00 00 00 00 00 00 00 00  ················
    000350 0150  00 00 00 00 00 00 00 00 - 00 00 00 00 00 00 00 00  ················
    000360 0160  00 00 00 00 00 00 00 00 - 00 00 00 00 00 00 00 00  ················
    000370 0170  00 00 00 00 00 00 00 00 - 00 00 00 00 00 00 00 00  ················
    000380 0180  00 00 00 00 00 00 00 00 - 00 00 00 00 00 00 00 00  ················
    000390 0190  00 00 00 00 00 00 00 00 - 00 00 00 00 00 00 00 00  ················
    0003a0 01a0  00 00 00 00 00 00 00 00 - 00 00 00 00 00 00 00 00  ················
    0003b0 01b0  00 00 00 00 00 00 00 00 - 00 00 00 00 00 00 00 00  ················
    0003c0 01c0  00 00 00 00 00 00 00 00 - 00 00 00 00 00 00 00 00  ················
    0003d0 01d0  00 00 00 00 00 00 00 00 - 00 00 00 00 00 00 00 00  ················
    0003e0 01e0  00 00 00 00 00 00 00 00 - 00 00 00 00 00 00 00 00  ················
    0003f0 01f0  00 00 00 00 00 00 00 00 - 00 00 00 00 00 00 00 00  ················


Object Structs
==============

Object 00000
------------
  ID: 0 (0x00)
    000400 0000  00 00                                              ··
  Type: 0 (0x00)
    000400 0000        00 00                                          ··
  Unknown: (60 bytes)
    000400 0000              00 00 00 00 - 00 00 00 00 00 00 00 00      ············
    000410 000c  00 00 00 00 00 00 00 00 - 00 00 00 00 00 00 00 00  ················
    000420 001c  00 00 00 00 00 00 00 00 - 00 00 00 00 00 00 00 00  ················
    000430 002c  00 00 00 00 00 00 00 00 - 00 00 00 00 00 00 00 00  ················

Object 00001
------------
  ID: 1 (0x01)
    000440 0000  01 00                                              ··
  Type: 3 (0x03)
    000440 0000        03 00                                          ··
  Unknown: (60 bytes)
    000440 0000              02 00 00 00 - 00 00 00 00 00 00 00 00      ············
    000450 000c  00 00 00 00 00 00 00 00 - 00 00 00 00 00 00 00 00  ················
    000460 001c  00 00 00 00 00 00 00 00 - 00 00 00 00 00 00 00 00  ················
    000470 002c  00 00 00 00 01 00 00 00 - 00 01 00 00 00 00 00 00  ················

Object 00002
------------
  ID: 2 (0x02)
    000480 0000  02 00                                              ··
  Type: 2 (0x02)
    000480 0000        02 00                                          ··
  Unknown: (60 bytes)
    000480 0000              00 00 01 00 - 21 54 72 61 73 68 21 00      ····!Trash!·
    000490 000c  00 00 00 00 00 00 00 00 - 00 00 00 00 00 00 00 00  ················
    0004a0 001c  00 00 00 00 00 00 00 00 - 00 00 00 00 00 00 00 00  ················
    0004b0 002c  00 00 00 00 00 00 00 00 - 00 00 00 00 00 00 00 00  ················

Object 00003
------------
  ID: 3 (0x03)
    0004c0 0000  03 00                                              ··
  Type: 3 (0x03)
    0004c0 0000        03 00                                          ··
  Unknown: (60 bytes)
    0004c0 0000              04 00 00 00 - 00 00 00 00 00 00 00 00      ············
    0004d0 000c  00 00 00 00 00 00 00 00 - 00 00 00 00 00 00 00 00  ················
    0004e0 001c  00 00 00 00 00 00 00 00 - 00 00 00 00 00 00 00 00  ················
    0004f0 002c  00 00 00 00 01 00 00 00 - 00 01 00 00 00 00 00 00  ················

Object 00004
------------
  ID: 4 (0x04)
    000500 0000  04 00                                              ··
  Type: 2 (0x02)
    000500 0000        02 00                                          ··
  Unknown: (60 bytes)
    000500 0000              00 00 03 00 - 21 43 69 72 63 75 6c 61      ····!Circula
    000510 000c  72 20 52 65 66 65 72 65 - 6e 63 65 21 00 00 00 00  r Reference!····
    000520 001c  00 00 00 00 00 00 00 00 - 00 00 00 00 00 00 00 00  ················
    000530 002c  00 00 00 00 00 00 00 00 - 00 00 00 00 00 00 00 00  ················

Object 00005
------------
  ID: 5 (0x05)
    000540 0000  05 00                                              ··
  Type: 3 (0x03)
    000540 0000        03 00                                          ··
  Unknown: (60 bytes)
    000540 0000              06 00 00 00 - 00 00 00 00 00 00 00 00      ············
    000550 000c  00 00 00 00 00 00 00 00 - 00 00 00 00 00 00 00 00  ················
    000560 001c  00 00 00 00 00 00 00 00 - 00 00 00 00 00 00 00 00  ················
    000570 002c  00 00 00 00 01 00 00 00 - 00 01 00 00 00 00 00 00  ················

Object 00006
------------
  ID: 6 (0x06)
    000580 0000  06 00                                              ··
  Type: 2 (0x02)
    000580 0000        02 00                                          ··
  Unknown: (60 bytes)
    000580 0000              00 00 05 00 - 21 43 75 72 72 65 6e 74      ····!Current
    000590 000c  20 41 6c 61 72 6d 73 21 - 00 00 00 00 00 00 00 00   Alarms!········
    0005a0 001c  00 00 00 00 00 00 00 00 - 00 00 00 00 00 00 00 00  ················
    0005b0 002c  00 00 00 00 00 00 00 00 - 00 00 00 00 00 00 00 00  ················

Object 00007
------------
  ID: 7 (0x07)
    0005c0 0000  07 00                                              ··
  Type: 3 (0x03)
    0005c0 0000        03 00                                          ··
  Unknown: (60 bytes)
    0005c0 0000              08 00 00 00 - 00 00 00 00 00 00 00 00      ············
    0005d0 000c  00 00 00 00 00 00 00 00 - 00 00 00 00 00 00 00 00  ················
    0005e0 001c  00 00 00 00 00 00 00 00 - 00 00 00 00 00 00 00 00  ················
    0005f0 002c  00 00 00 00 01 00 00 00 - 00 01 00 00 00 00 00 00  ················

Object 00008
------------
  ID: 8 (0x08)
    000600 0000  08 00                                              ··
  Type: 2 (0x02)
    000600 0000        02 00                                          ··
  Unknown: (60 bytes)
    000600 0000              00 00 07 00 - 21 50 61 73 74 20 41 6c      ····!Past Al
    000610 000c  61 72 6d 73 21 00 00 00 - 00 00 00 00 00 00 00 00  arms!···········
    000620 001c  00 00 00 00 00 00 00 00 - 00 00 00 00 00 00 00 00  ················
    000630 002c  00 00 00 00 00 00 00 00 - 00 00 00 00 00 00 00 00  ················

Object 00009
------------
  ID: 9 (0x09)
    000640 0000  09 00                                              ··
  Type: 3 (0x03)
    000640 0000        03 00                                          ··
  Unknown: (60 bytes)
    000640 0000              0a 00 00 00 - 00 00 00 00 00 00 00 00      ············
    000650 000c  00 00 00 00 00 00 00 00 - 00 00 00 00 00 00 00 00  ················
    000660 001c  00 00 14 00 0c 00 00 00 - 00 00 00 00 02 00 00 00  ················
    000670 002c  00 00 00 00 01 00 00 00 - 00 01 04 00 00 00 00 00  ················

Object 00010
------------
  ID: 10 (0x0a)
    000680 0000  0a 00                                              ··
  Type: 2 (0x02)
    000680 0000        02 00                                          ··
  Unknown: (60 bytes)
    000680 0000              00 00 09 00 - 4d 41 49 4e 00 00 00 00      ····MAIN····
    000690 000c  00 00 00 00 00 00 00 00 - 00 00 00 00 00 00 00 00  ················
    0006a0 001c  00 00 00 00 00 00 00 00 - 00 00 00 00 00 00 00 00  ················
    0006b0 002c  00 00 00 00 00 00 00 00 - 00 00 00 00 00 00 00 00  ················

Object 00011
------------
  ID: 11 (0x0b)
    0006c0 0000  0b 00                                              ··
  Type: 4 (0x04)
    0006c0 0000        04 00                                          ··
  Unknown: (60 bytes)
    0006c0 0000              00 00 0f 00 - 0f 00 00 00 00 00 0f 00      ············
    0006d0 000c  00 00 00 00 00 00 00 00 - 00 00 0f 00 00 00 00 00  ················
    0006e0 001c  00 00 00 00 00 00 00 00 - 00 04 10 00 49 6e 69 74  ············Init
    0006f0 002c  69 61 6c 20 56 69 65 77 - 00 00 00 00 00 00 00 00  ial View········

Object 00012
------------
  ID: 12 (0x0c)
    000700 0000  0c 00                                              ··
  Type: 3 (0x03)
    000700 0000        03 00                                          ··
  Unknown: (60 bytes)
    000700 0000              0d 00 00 00 - 00 00 00 00 0f 00 0f 00      ············
    000710 000c  00 00 00 00 00 00 00 00 - 00 00 00 00 10 00 00 00  ················
    000720 001c  09 00 00 00 00 00 00 00 - 00 00 00 00 03 00 00 00  ················
    000730 002c  00 00 00 00 01 00 0e 00 - 00 01 00 00 00 00 00 00  ················

Object 00013
------------
  ID: 13 (0x0d)
    000740 0000  0d 00                                              ··
  Type: 2 (0x02)
    000740 0000        02 00                                          ··
  Unknown: (60 bytes)
    000740 0000              00 00 0c 00 - 49 6e 69 74 69 61 6c 20      ····Initial 
    000750 000c  53 65 63 74 69 6f 6e 00 - 00 00 00 00 00 00 00 00  Section·········
    000760 001c  00 00 00 00 00 00 00 00 - 00 00 00 00 00 00 00 00  ················
    000770 002c  00 00 00 00 00 00 00 00 - 00 00 00 00 00 00 00 00  ················

Object 00014
------------
  ID: 14 (0x0e)
    000780 0000  0e 00                                              ··
  Type: 9 (0x09)
    000780 0000        09 00                                          ··
  Unknown: (60 bytes)
    000780 0000              09 00 00 00 - 00 00 00 00 00 00 00 00      ············
    000790 000c  00 00 00 00 00 00 00 00 - 00 00 00 00 00 00 00 00  ················
    0007a0 001c  00 00 00 00 00 00 00 00 - 00 00 00 00 00 00 00 00  ················
    0007b0 002c  00 00 00 00 00 00 00 00 - 00 00 00 00 00 00 00 00  ················

Object 00015
------------
  ID: 15 (0x0f)
    0007c0 0000  0f 00                                              ··
  Type: 6 (0x06)
    0007c0 0000        06 00                                          ··
  Unknown: (60 bytes)
    0007c0 0000              0c 00 00 00 - 00 00 00 00 00 00 0b 00      ············
    0007d0 000c  00 00 00 00 00 00 00 00 - 03 00 4e 00 01 00 00 00  ··········N·····
    0007e0 001c  00 00 00 00 23 00 02 00 - 00 00 00 00 00 00 00 00  ····#···········
    0007f0 002c  00 00 00 00 00 00 00 00 - 00 00 00 00 00 00 00 00  ················

Object 00016
------------
  ID: 16 (0x10)
    000800 0000  10 00                                              ··
  Type: 3 (0x03)
    000800 0000        03 00                                          ··
  Unknown: (60 bytes)
    000800 0000              11 00 00 00 - 00 00 00 00 00 00 00 00      ············
    000810 000c  00 00 00 00 00 00 00 00 - 00 00 00 00 12 00 0c 00  ················
    000820 001c  09 00 00 00 00 00 00 00 - 00 00 00 00 04 00 80 80  ················
    000830 002c  00 00 00 00 0d 00 0e 00 - 00 00 12 00 00 00 00 00  ················

Object 00017
------------
  ID: 17 (0x11)
    000840 0000  11 00                                              ··
  Type: 2 (0x02)
    000840 0000        02 00                                          ··
  Unknown: (60 bytes)
    000840 0000              00 00 10 00 - 44 6f 6e 65 00 00 00 00      ····Done····
    000850 000c  00 00 00 00 00 00 00 00 - 00 00 00 00 00 00 00 00  ················
    000860 001c  00 00 00 00 00 00 00 00 - 00 00 00 00 00 00 00 00  ················
    000870 002c  00 00 00 00 00 00 00 00 - 00 00 00 00 00 00 00 00  ················

Object 00018
------------
  ID: 18 (0x12)
    000880 0000  12 00                                              ··
  Type: 3 (0x03)
    000880 0000        03 00                                          ··
  Unknown: (60 bytes)
    000880 0000              13 00 00 00 - 00 00 00 00 00 00 00 00      ············
    000890 000c  00 00 00 00 00 00 00 00 - 00 00 00 00 14 00 10 00  ················
    0008a0 001c  09 00 00 00 00 00 00 00 - 00 00 00 00 05 00 00 cf  ···············Ï
    0008b0 002c  00 00 00 00 0d 00 0e 00 - 10 00 14 00 00 00 00 00  ················

Object 00019
------------
  ID: 19 (0x13)
    0008c0 0000  13 00                                              ··
  Type: 2 (0x02)
    0008c0 0000        02 00                                          ··
  Unknown: (60 bytes)
    0008c0 0000              00 00 12 00 - 57 68 65 6e 00 00 00 00      ····When····
    0008d0 000c  00 00 00 00 00 00 00 00 - 00 00 00 00 00 00 00 00  ················
    0008e0 001c  00 00 00 00 00 00 00 00 - 00 00 00 00 00 00 00 00  ················
    0008f0 002c  00 00 00 00 00 00 00 00 - 00 00 00 00 00 00 00 00  ················

Object 00020
------------
  ID: 20 (0x14)
    000900 0000  14 00                                              ··
  Type: 3 (0x03)
    000900 0000        03 00                                          ··
  Unknown: (60 bytes)
    000900 0000              15 00 00 00 - 00 00 00 00 00 00 00 00      ············
    000910 000c  00 00 00 00 00 00 00 00 - 00 00 00 00 00 00 12 00  ················
    000920 001c  09 00 00 00 00 00 00 00 - 00 00 00 00 06 00 00 82  ················
    000930 002c  00 00 00 00 0d 00 0e 00 - 12 00 00 00 00 00 00 00  ················

Object 00021
------------
  ID: 21 (0x15)
    000940 0000  15 00                                              ··
  Type: 2 (0x02)
    000940 0000        02 00                                          ··
  Unknown: (60 bytes)
    000940 0000              00 00 14 00 - 45 6e 74 72 79 00 00 00      ····Entry···
    000950 000c  00 00 00 00 00 00 00 00 - 00 00 00 00 00 00 00 00  ················
    000960 001c  00 00 00 00 00 00 00 00 - 00 00 00 00 00 00 00 00  ················
    000970 002c  00 00 00 00 00 00 00 00 - 00 00 00 00 00 00 00 00  ················

Object 00022
------------
  ID: 22 (0x16)
    000980 0000  16 00                                              ··
  Type: 8 (0x08)
    000980 0000        08 00                                          ··
  Unknown: (60 bytes)
    000980 0000              00 00 0a 00 - 01 02 03 20 01 02 0a 0d      ······· ····
    000990 000c  0d 00 00 00 00 00 00 00 - 00 00 00 00 00 00 00 00  ················
    0009a0 001c  00 00 00 00 00 00 00 00 - 00 00 00 00 00 00 00 00  ················
    0009b0 002c  00 00 00 00 00 00 00 00 - 00 00 00 00 00 00 00 00  ················

Object 00023
------------
  ID: 23 (0x17)
    0009c0 0000  17 00                                              ··
  Type: 8 (0x08)
    0009c0 0000        08 00                                          ··
  Unknown: (60 bytes)
    0009c0 0000              00 00 03 00 - 0d 0d 00 00 00 00 00 00      ············
    0009d0 000c  00 00 00 00 00 00 00 00 - 00 00 00 00 00 00 00 00  ················
    0009e0 001c  00 00 00 00 00 00 00 00 - 00 00 00 00 00 00 00 00  ················
    0009f0 002c  00 00 00 00 00 00 00 00 - 00 00 00 00 00 00 00 00  ················

Object 00024
------------
  ID: 24 (0x18)
    000a00 0000  18 00                                              ··
  Type: 8 (0x08)
    000a00 0000        08 00                                          ··
  Unknown: (60 bytes)
    000a00 0000              00 00 06 00 - 01 02 0b 0d 0d 00 00 00      ············
    000a10 000c  00 00 00 00 00 00 00 00 - 00 00 00 00 00 00 00 00  ················
    000a20 001c  00 00 00 00 00 00 00 00 - 00 00 00 00 00 00 00 00  ················
    000a30 002c  00 00 00 00 00 00 00 00 - 00 00 00 00 00 00 00 00  ················

Object 00025
------------
  ID: 25 (0x19)
    000a40 0000  19 00                                              ··
  Type: 8 (0x08)
    000a40 0000        08 00                                          ··
  Unknown: (60 bytes)
    000a40 0000              00 00 03 00 - 0d 0d 00 00 00 00 00 00      ············
    000a50 000c  00 00 00 00 00 00 00 00 - 00 00 00 00 00 00 00 00  ················
    000a60 001c  00 00 00 00 00 00 00 00 - 00 00 00 00 00 00 00 00  ················
    000a70 002c  00 00 00 00 00 00 00 00 - 00 00 00 00 00 00 00 00  ················

Object 00026
------------
  ID: 26 (0x1a)
    000a80 0000  1a 00                                              ··
  Type: 8 (0x08)
    000a80 0000        08 00                                          ··
  Unknown: (60 bytes)
    000a80 0000              00 00 0a 00 - 2d 20 01 02 07 20 2d 0d      ····- ··· -·
    000a90 000c  0d 00 00 00 00 00 00 00 - 00 00 00 00 00 00 00 00  ················
    000aa0 001c  00 00 00 00 00 00 00 00 - 00 00 00 00 00 00 00 00  ················
    000ab0 002c  00 00 00 00 00 00 00 00 - 00 00 00 00 00 00 00 00  ················

Object 00027
------------
  ID: 27 (0x1b)
    000ac0 0000  1b 00                                              ··
  Type: 8 (0x08)
    000ac0 0000        08 00                                          ··
  Unknown: (60 bytes)
    000ac0 0000              00 00 03 00 - 0d 0d 00 00 00 00 00 00      ············
    000ad0 000c  00 00 00 00 00 00 00 00 - 00 00 00 00 00 00 00 00  ················
    000ae0 001c  00 00 00 00 00 00 00 00 - 00 00 00 00 00 00 00 00  ················
    000af0 002c  00 00 00 00 00 00 00 00 - 00 00 00 00 00 00 00 00  ················

Object 00028
------------
  ID: 28 (0x1c)
    000b00 0000  1c 00                                              ··
  Type: 2 (0x02)
    000b00 0000        02 00                                          ··
  Unknown: (60 bytes)
    000b00 0000              00 00 00 00 - 43 3a 5c 46 49 4c 45 21      ····C:\FILE!
    000b10 000c  2e 53 54 46 00 00 00 00 - 00 00 00 00 00 00 00 00  .STF············
    000b20 001c  00 00 00 00 00 00 00 00 - 00 00 00 00 00 00 00 00  ················
    000b30 002c  00 00 00 00 00 00 00 00 - 00 00 00 00 00 00 00 00  ················

Object 00029
------------
  ID: 29 (0x1d)
    000b40 0000  1d 00                                              ··
  Type: 1 (0x01)
    000b40 0000        01 00                                          ··
  Unknown: (60 bytes)
    000b40 0000              00 00 00 00 - 00 00 00 00 00 00 00 00      ············
    000b50 000c  00 00 00 00 00 00 00 00 - 00 00 00 00 00 00 00 00  ················
    000b60 001c  00 00 00 00 00 00 00 00 - 00 00 00 00 00 00 00 00  ················
    000b70 002c  40 00 20 20 43 4f 55 4e - 54 00 00 00 00 00 00 00  @·  COUNT·······

Object 00030
------------
  ID: 30 (0x1e)
    000b80 0000  1e 00                                              ··
  Type: 1 (0x01)
    000b80 0000        01 00                                          ··
  Unknown: (60 bytes)
    000b80 0000              00 00 00 00 - 00 00 00 00 00 00 00 00      ············
    000b90 000c  00 00 00 00 00 00 00 00 - 00 00 00 00 00 00 00 00  ················
    000ba0 001c  00 00 00 00 00 00 00 00 - 00 00 00 00 00 00 00 00  ················
    000bb0 002c  40 00 20 20 54 4f 54 41 - 4c 00 00 00 00 00 00 00  @·  TOTAL·······

Object 00031
------------
  ID: 31 (0x1f)
    000bc0 0000  1f 00                                              ··
  Type: 1 (0x01)
    000bc0 0000        01 00                                          ··
  Unknown: (60 bytes)
    000bc0 0000              00 00 00 00 - 00 00 00 00 00 00 00 00      ············
    000bd0 000c  00 00 00 00 00 00 00 00 - 00 00 00 00 00 00 00 00  ················
    000be0 001c  00 00 00 00 00 00 00 00 - 00 00 00 00 00 00 00 00  ················
    000bf0 002c  40 00 20 20 41 56 45 52 - 41 47 45 00 00 00 00 00  @·  AVERAGE·····

Object 00032
------------
  ID: 32 (0x20)
    000c00 0000  20 00                                               ·
  Type: 1 (0x01)
    000c00 0000        01 00                                          ··
  Unknown: (60 bytes)
    000c00 0000              00 00 00 00 - 00 00 00 00 00 00 00 00      ············
    000c10 000c  00 00 00 00 00 00 00 00 - 00 00 00 00 00 00 00 00  ················
    000c20 001c  00 00 00 00 00 00 00 00 - 00 00 00 00 00 00 00 00  ················
    000c30 002c  40 00 20 20 4d 49 4e 49 - 4d 55 4d 00 00 00 00 00  @·  MINIMUM·····

Object 00033
------------
  ID: 33 (0x21)
    000c40 0000  21 00                                              !·
  Type: 1 (0x01)
    000c40 0000        01 00                                          ··
  Unknown: (60 bytes)
    000c40 0000              00 00 00 00 - 00 00 00 00 00 00 00 00      ············
    000c50 000c  00 00 00 00 00 00 00 00 - 00 00 00 00 00 00 00 00  ················
    000c60 001c  00 00 00 00 00 00 00 00 - 00 00 00 00 00 00 00 00  ················
    000c70 002c  40 00 20 20 4d 41 58 49 - 4d 55 4d 00 00 00 00 00  @·  MAXIMUM·····

Object 00034
------------
  ID: 34 (0x22)
    000c80 0000  22 00                                              "·
  Type: 8 (0x08)
    000c80 0000        08 00                                          ··
  Unknown: (60 bytes)
    000c80 0000              23 00 38 00 - e9 06 0a 00 00 00 00 00      #·8·é·······
    000c90 000c  00 00 00 00 00 00 00 00 - 00 00 00 00 00 00 00 00  ················
    000ca0 001c  ff bf ff bf 81 80 81 80 - ff bf ff bf ff bf ff bf  ÿ¿ÿ¿····ÿ¿ÿ¿ÿ¿ÿ¿
    000cb0 002c  ff bf ff bf 00 00 00 00 - 00 00 00 00 00 00 00 00  ÿ¿ÿ¿············

Object 00035
------------
  ID: 35 (0x23)
    000cc0 0000  23 00                                              #·
  Type: 8 (0x08)
    000cc0 0000        08 00                                          ··
  Unknown: (60 bytes)
    000cc0 0000              24 00 38 00 - 01 00 00 00 00 00 00 00      $·8·········
    000cd0 000c  00 00 01 00 00 00 00 00 - 00 00 00 00 00 00 00 00  ················
    000ce0 001c  01 00 01 00 00 00 00 00 - 00 00 00 00 00 00 c8 00  ··············È·
    000cf0 002c  96 00 96 00 64 00 96 00 - 64 00 00 00 00 00 00 00  ····d···d·······

Object 00036
------------
  ID: 36 (0x24)
    000d00 0000  24 00                                              $·
  Type: 8 (0x08)
    000d00 0000        08 00                                          ··
  Unknown: (60 bytes)
    000d00 0000              25 00 38 00 - 05 00 05 00 00 00 00 00      %·8·········
    000d10 000c  e8 03 e8 03 e8 03 e8 03 - 00 00 f4 01 00 00 f4 01  è·è·è·è···ô···ô·
    000d20 001c  00 00 f8 2a 34 21 00 00 - 64 00 00 00 00 00 01 00  ··ø*4!··d·······
    000d30 002c  e7 03 01 00 01 00 00 00 - 01 00 00 00 01 00 01 00  ç···············

Object 00037
------------
  ID: 37 (0x25)
    000d40 0000  25 00                                              %·
  Type: 8 (0x08)
    000d40 0000        08 00                                          ··
  Unknown: (60 bytes)
    000d40 0000              26 00 38 00 - e8 03 e8 03 e8 03 e8 03      &·8·è·è·è·è·
    000d50 000c  00 00 f4 01 00 00 f4 01 - 00 00 f8 2a 34 21 00 00  ··ô···ô···ø*4!··
    000d60 001c  64 00 00 00 00 00 01 00 - e7 03 01 00 01 00 00 00  d·······ç·······
    000d70 002c  01 00 00 00 01 00 01 00 - e8 03 e8 03 e8 03 e8 03  ········è·è·è·è·

Object 00038
------------
  ID: 38 (0x26)
    000d80 0000  26 00                                              &·
  Type: 8 (0x08)
    000d80 0000        08 00                                          ··
  Unknown: (60 bytes)
    000d80 0000              00 00 28 00 - 00 00 f4 01 00 00 f4 01      ··(···ô···ô·
    000d90 000c  00 00 f8 2a 34 21 00 00 - 64 00 00 00 00 00 01 00  ··ø*4!··d·······
    000da0 001c  e7 03 01 00 01 00 00 00 - 01 00 00 00 01 00 01 00  ç···············
    000db0 002c  00 00 00 00 00 00 00 00 - 00 00 00 00 00 00 00 00  ················

Object 00000
------------
  ID: 0 (0x00)
    000dc0 0000  00 00                                              ··
  Type: 0 (0x00)
    000dc0 0000        00 00                                          ··
  Unknown: (60 bytes)
    000dc0 0000              00 00 00 00 - 00 00 00 00 00 00 00 00      ············
    000dd0 000c  00 00 00 00 00 00 00 00 - 00 00 00 00 00 00 00 00  ················
    000de0 001c  00 00 00 00 00 00 00 00 - 00 00 00 00 00 00 00 00  ················
    000df0 002c  00 00 00 00 00 00 00 00 - 00 00 00 00 00 00 00 00  ················

Link Structs
============

Link 00000
----------
  Unknown: (28 bytes)
    000e00 0000  00 00 00 00 00 00 00 00 - 00 00 00 00 00 00 00 00  ················
    000e10 0010  00 00 00 00 00 00 00 00 - 00 00 00 00              ············

Link 00000
----------
  Unknown: (28 bytes)
    000e10 0000                          -             01 00 09 00              ····
    000e20 0004  00 00 00 00 00 00 03 00 - 00 00 00 00 00 00 00 00  ················
    000e30 0014  00 00 00 00 00 00 00 00 -                          ········

Link 00000
----------
  Unknown: (28 bytes)
    000e30 0000                          - 02 00 09 00 09 00 00 00          ········
    000e40 0008  00 00 00 00 05 00 03 00 - 00 00 00 00 00 00 00 01  ················
    000e50 0018  00 00 00 00                                        ····

Link 00000
----------
  Unknown: (28 bytes)
    000e50 0000              03 00 09 00 - 0c 00 00 00 00 00 04 00      ············
    000e60 000c  02 00 01 00 00 00 00 00 - 00 00 00 02 00 00 00 00  ················

Link 00000
----------
  Unknown: (28 bytes)
    000e70 0000  04 00 09 00 10 00 00 00 - 00 00 00 00 06 00 03 00  ················
    000e80 0010  00 00 00 00 00 00 00 01 - 00 00 00 00              ············

Link 00000
----------
  Unknown: (28 bytes)
    000e80 0000                          -             05 00 09 00              ····
    000e90 0004  12 00 00 00 00 00 00 00 - 00 00 02 00 00 00 00 00  ················
    000ea0 0014  00 00 00 00 00 00 00 00 -                          ········

Link 00000
----------
  Unknown: (28 bytes)
    000ea0 0000                          - 06 00 09 00 14 00 00 00          ········
    000eb0 0008  00 00 00 00 00 00 04 00 - 00 00 00 00 00 00 00 00  ················
    000ec0 0018  00 00 00 00                                        ····

Link 00000
----------
  Unknown: (28 bytes)
    000ec0 0000              07 00 00 00 - 00 00 00 00 00 00 08 00      ············
    000ed0 000c  00 00 00 00 00 00 00 00 - 00 00 00 00 00 00 00 00  ················

Link 00000
----------
  Unknown: (28 bytes)
    000ee0 0000  08 00 00 00 00 00 00 00 - 00 00 00 00 07 00 00 00  ················
    000ef0 0010  00 00 00 00 00 00 00 00 - 00 00 00 00              ············

Link 00000
----------
  Unknown: (28 bytes)
    000ef0 0000                          -             00 00 00 00              ····
    000f00 0004  00 00 00 00 00 00 00 00 - 00 00 00 00 00 00 00 00  ················
    000f10 0014  00 00 00 00 00 00 00 00 -                          ········

Link 00000
----------
  Unknown: (28 bytes)
    000f10 0000                          - 00 00 00 00 00 00 00 00          ········
    000f20 0008  00 00 00 00 00 00 00 00 - 00 00 00 00 00 00 00 00  ················
    000f30 0018  00 00 00 00                                        ····

Link 00000
----------
  Unknown: (28 bytes)
    000f30 0000              00 00 00 00 - 00 00 00 00 00 00 00 00      ············
    000f40 000c  00 00 00 00 00 00 00 00 - 00 00 00 00 00 00 00 00  ················

Link 00000
----------
  Unknown: (28 bytes)
    000f50 0000  00 00 00 00 00 00 00 00 - 00 00 00 00 00 00 00 00  ················
    000f60 0010  00 00 00 00 00 00 00 00 - 00 00 00 00              ············

Link 00000
----------
  Unknown: (28 bytes)
    000f60 0000                          -             00 00 00 00              ····
    000f70 0004  00 00 00 00 00 00 00 00 - 00 00 00 00 00 00 00 00  ················
    000f80 0014  00 00 00 00 00 00 00 00 -                          ········

Link 00000
----------
  Unknown: (28 bytes)
    000f80 0000                          - 00 00 00 00 00 00 00 00          ········
    000f90 0008  00 00 00 00 00 00 00 00 - 00 00 00 00 00 00 00 00  ················
    000fa0 0018  00 00 00 00                                        ····

Link 00000
----------
  Unknown: (28 bytes)
    000fa0 0000              00 00 00 00 - 00 00 00 00 00 00 00 00      ············
    000fb0 000c  00 00 00 00 00 00 00 00 - 00 00 00 00 00 00 00 00  ················

Link 00000
----------
  Unknown: (28 bytes)
    000fc0 0000  00 00 00 00 00 00 00 00 - 00 00 00 00 00 00 00 00  ················
    000fd0 0010  00 00 00 00 00 00 00 00 - 00 00 00 00              ············

Link 00000
----------
  Unknown: (28 bytes)
    000fd0 0000                          -             00 00 00 00              ····
    000fe0 0004  00 00 00 00 00 00 00 00 - 00 00 00 00 00 00 00 00  ················
    000ff0 0014  00 00 00 00 00 00 00 00 -                          ········

Padding
-------
    000ff0 0000                          - ff ff 4c 49 4e 4b 53 ff          ÿÿLINKSÿ

Extra Data
==========

  (8 bytes)
    001000 0000  03 00 00 00 0f 00 00 00 -                          ········
